30632 30632 30632 
30634 30634 30634 
30633 30633 30633 
30643 30623 30623 
30624 30624 30624 
30627 30627 30627 
30629 30629 30629 
30614 30614 30614 
30636 30636 30636 
30630 30630 30630 
30632 30632 30632 
30625 30625 30625 
30620 30620 30620 
30622 30622 30622 
30629 30629 30629 
30650 30630 30630 
30622 30622 30622 
30624 30624 30624 
30623 30623 30623 
30625 30625 30625 
30626 30626 30636 
30619 30619 30619 
30620 30620 30620 
30616 30616 30616 
30618 30618 30618 
30620 30620 30620 
30614 30614 30614 
30619 30619 30619 
30619 30619 30619 
30624 30624 30624 
30617 30617 30627 
30633 30613 30613 
30618 30618 30618 
30619 30619 30619 
30626 30626 30626 
30618 30618 30618 
30620 30620 30620 
30621 30621 30621 
30622 30622 30622 
30624 30654 30624 
30618 30618 30618 
30626 30626 30626 
30629 30629 30629 
30630 30630 30630 
30632 30632 30632 
30626 30626 30626 
30628 30628 30628 
30630 30630 30630 
30632 30632 30642 
30634 30634 30634 
30609 30609 30609 
30605 30605 30605 
30612 30612 30612 
30614 30644 30624 
